1000 0 0 0.0001 0.0001
2000 0 0.0001 0.0002 0.0001
3000 0 0.0001 0.0003 0.0002
4000 0.0001 0.0001 0.0004 0.0003
5000 0.0002 0.0001 0.0005 0.0004
6000 0.0002 0.0002 0.0005 0.0005
7000 0.0002 0.0003 0.0006 0.0006
8000 0.0002 0.0004 0.0007 0.0006
9000 0.0003 0.0003 0.0008 0.0007
10000 0.0004 0.0003 0.0009 0.0008
11000 0.0004 0.0003 0.001 0.0009
12000 0.0004 0.0005 0.001 0.001
13000 0.0004 0.0005 0.0011 0.0011
14000 0.0005 0.0005 0.0012 0.0012
15000 0.0005 0.0006 0.0013 0.0012
16000 0.0006 0.0006 0.0014 0.0013
17000 0.0006 0.0006 0.0015 0.0014
18000 0.0006 0.0007 0.0016 0.0014
19000 0.0006 0.0007 0.0017 0.0016
20000 0.0007 0.0007 0.0018 0.0017
21000 0.0007 0.0008 0.0018 0.0018
22000 0.0008 0.0008 0.0019 0.0019
23000 0.0009 0.0008 0.002 0.0021
24000 0.0009 0.0009 0.002 0.0021
25000 0.0009 0.0009 0.0022 0.0021
26000 0.0009 0.0009 0.0023 0.0023
27000 0.001 0.001 0.0023 0.0024
28000 0.001 0.001 0.0024 0.0024
29000 0.001 0.001 0.0025 0.0024
30000 0.0012 0.001 0.0026 0.0024
31000 0.0012 0.0011 0.0027 0.0025
32000 0.0012 0.0011 0.0028 0.0026
33000 0.0013 0.0012 0.0029 0.0026
34000 0.0014 0.0012 0.0029 0.0028
35000 0.0012 0.0013 0.0031 0.0029
36000 0.0013 0.0013 0.003 0.0031
37000 0.0014 0.0013 0.0032 0.0031
38000 0.0014 0.0014 0.0033 0.0033
39000 0.0015 0.0014 0.0034 0.0033
40000 0.0014 0.0016 0.0034 0.0034
41000 0.0015 0.0014 0.0035 0.0036
42000 0.0017 0.0016 0.0036 0.0038
43000 0.0016 0.0016 0.0037 0.0038
44000 0.0017 0.0017 0.0038 0.0038
45000 0.0017 0.0016 0.0039 0.0039
46000 0.0018 0.0017 0.0039 0.0042
47000 0.0017 0.0017 0.004 0.0042
48000 0.0018 0.0017 0.0042 0.0042
49000 0.0019 0.0018 0.0042 0.0043
50000 0.002 0.0018 0.0044 0.0043
51000 0.0018 0.0018 0.0044 0.0045
52000 0.002 0.0018 0.0045 0.0045
53000 0.0021 0.0019 0.0046 0.0046
54000 0.0021 0.0019 0.0047 0.0047
55000 0.002 0.002 0.0048 0.0048
56000 0.0021 0.002 0.0048 0.0048
57000 0.002 0.0021 0.0049 0.0049
58000 0.0023 0.0021 0.005 0.0051
59000 0.0022 0.0021 0.0051 0.005
60000 0.0024 0.0021 0.0052 0.0052
61000 0.0023 0.0022 0.0053 0.0051
62000 0.0024 0.0022 0.0054 0.0051
63000 0.0026 0.0023 0.0055 0.0054
64000 0.0025 0.0023 0.0056 0.0053
65000 0.0024 0.0023 0.0057 0.0052
66000 0.0025 0.0023 0.0058 0.0052
67000 0.0027 0.0023 0.0059 0.0056
68000 0.0028 0.0026 0.0059 0.0055
69000 0.0028 0.0024 0.0061 0.0057
70000 0.0027 0.0026 0.0061 0.006
71000 0.0028 0.0027 0.0061 0.0062
72000 0.0027 0.0026 0.0063 0.0063
73000 0.0026 0.0026 0.0065 0.0064
74000 0.003 0.0027 0.0064 0.0065
75000 0.003 0.0027 0.0066 0.0066
76000 0.003 0.0028 0.0067 0.0068
77000 0.0028 0.0028 0.0066 0.0071
78000 0.003 0.0028 0.0068 0.007
79000 0.003 0.0029 0.0069 0.0072
80000 0.0033 0.0029 0.007 0.0073
81000 0.0031 0.003 0.007 0.0075
82000 0.0033 0.0032 0.0072 0.0076
83000 0.0032 0.003 0.0073 0.0076
84000 0.0034 0.0031 0.0074 0.0077
85000 0.0034 0.0034 0.0075 0.0078
86000 0.0035 0.003 0.0076 0.0078
87000 0.0035 0.0031 0.0077 0.0079
88000 0.0035 0.0033 0.0077 0.0079
89000 0.0033 0.0033 0.0078 0.0083
90000 0.0036 0.0032 0.0079 0.0082
91000 0.0035 0.0033 0.008 0.0084
92000 0.0036 0.0033 0.0081 0.0085
93000 0.0038 0.0034 0.0082 0.0086
94000 0.0038 0.0036 0.0083 0.0086
95000 0.0037 0.0035 0.0083 0.0088
96000 0.0037 0.0036 0.0085 0.0089
97000 0.0037 0.0037 0.0085 0.009
98000 0.0039 0.0036 0.0086 0.0088
99000 0.0039 0.0036 0.0087 0.009
